 user: unavailable
 code: smac2d
 host: glory9              
 title: SMAC2D -- Sandia MiniAero Code 2D
 geometry: NACA 4412 Airfoil
 date_yyyy_mm_dd: 2013_11_14
 time_of_day: 151657  
 num_grids:           16
 grid_file: xy.dat_original
 largest_dim:          119
 j-dim:          119
 k-dim:           31
 total_points:         3689
 beta:    5.00000000000000     
 dtau:   1.0000E-01
 reynolds_number:    1500000.00000000     
 angle_of_attack_degs:    8.00000000000000     
 implicit_scheme: line relaxation
 airfoil:
    cd:   7.416076695111246E-002
    cl:   0.909362232745947     
    cm:  -0.118087464118789     
 residual:   0.655883207078546     
 sec_per_iteration:  2.34503E-03
 microsec_per_iter_per_point:  6.35681E-01
 number_of_iterations:          500
 alpha_deg:    8.00000000000000     
 initialize_sec:  1.53214E-01
 send_subgrids_sec:  8.36802E-03
 solve_sec:  1.17251E+00
 total_time_sec:  1.33410E+00
 yaml_filename: smac2d_NACA_4412_Airfoil_glory9_16grids_500iters_2013_11_14__15_16_57.yaml                          
